
param n:=10;
param p:=1.2;
param c:=1;
param Q:=1;
param v:=0.1;
param DIS:=20;
#data is from case 9

param w: 1 2 3 4 5 6 7 8 9 10:=
1	0.3	0.4	0.7	1	0.1	0.8	0.1	0.4	0.6	0.9
2	0.4	0.1	0.2	0.4	0.2	0.3	0.7	0.9	0.1	0.2
3	0.9	0.1	0.5	0.3	0.4	0.3	1	0.3	0.2	0.9
4	0.7	0.4	0.2	0.4	0.4	0.3	0.2	0.5	0.8	0.8
5	0.4	0.1	0.9	0.6	0.6	0.1	0.9	0.3	0	1
6	0.5	0.9	0.1	1	0.2	0.5	0.3	0.2	0.9	0.4
7	0.1	0.5	0.9	0.3	0.9	0.3	0.6	0.1	0.8	0.4
8	0.9	0.2	0.5	0.8	0.8	0.1	0.9	0.8	0.4	1
9	0.7	0.9	0.9	0.8	0.9	0.1	0.4	0.2	0.3	0.2
10	0.6	0.4	0.8	0.5	0.6	0.7	0.7	0.2	0.8	0.5
;

param d: 1 2 3 4 5 6 7 8 9 10:=
1	0	11.126	12.946	2.359	11.215	4.21	3.361	11.811	7.585	10
2	11.126	0	8.354	9.671	1.531	15.119	11.698	2.785	8.733	4.11
3	12.946	8.354	0	10.611	6.839	16.999	11.175	11.139	15.144	4.639
4	2.359	9.671	10.611	0	9.502	6.422	2.35	10.845	8.269	7.934
5	11.215	1.531	6.839	9.502	0	15.336	11.337	4.31	9.828	2.811
6	4.21	15.119	16.999	6.422	15.336	0	6.232	15.444	9.683	14.21
7	3.361	11.698	11.175	2.35	11.337	6.232	0	13.083	10.463	9.383
8	11.811	2.785	11.139	10.845	4.31	15.444	13.083	0	7.47	6.803
9	7.585	8.733	15.144	8.269	9.828	9.683	10.463	7.47	0	10.651
10	10	4.11	4.639	7.934	2.811	14.21	9.383	6.803	10.651	0
;

