
param n:=10;
param p:=1.2;
param c:=1;
param Q:=1;
param v:=0.1;
param DIS:=20;

#data is from case 7

param w: 1 2 3 4 5 6 7 8 9 10:=
1	0.8	1	0.6	0.8	0.1	1	0.4	0.4	0.8	1
2	0.3	0.6	0.3	0.3	0.5	0.7	0.4	0.5	0.9	0.2
3	0.3	0.5	0.8	0.3	0.4	0.7	0.5	1	0.4	0.1
4	0.2	0.3	0	0.8	0	0.2	0.8	0.4	0.5	0.6
5	0.4	0.9	0.2	0.7	0.1	0.7	0.3	0.6	0.1	0.3
6	0.7	0.4	0.8	0.5	0.8	0.1	0.2	0.2	0.1	0.6
7	0.3	0.3	0.9	0.3	0	0.9	0.5	0.8	0.3	0
8	0.4	0.7	0.9	0.5	0.4	0	0.2	0.7	0.6	0.3
9	1	0.3	0.8	0.7	0.8	0.5	0.8	1	0.8	0.9
10	0.6	0.1	0.2	0.5	0.4	0.2	0.4	0.9	0	0.7
;
param d: 1 2 3 4 5 6 7 8 9 10:=
1	0	12.738	13.417	5.572	3.106	12.879	7.31	10.225	1.784	10
2	12.738	0	6.823	14.576	14.643	9.2	6.994	6.6	13.468	4.84
3	13.417	6.823	0	12.42	16.238	2.799	6.14	3.198	13.239	3.942
4	5.572	14.576	12.42	0	8.191	10.77	7.643	9.519	3.852	10.331
5	3.106	14.643	16.238	8.191	0	15.894	10.098	13.079	4.414	12.616
6	12.879	9.2	2.799	10.77	15.894	0	6.165	3.456	12.336	5.155
7	7.31	6.994	6.14	7.643	10.098	6.165	0	2.997	7.345	2.838
8	10.225	6.6	3.198	9.519	13.079	3.456	2.997	0	10.056	1.89
9	1.784	13.468	13.239	3.852	4.414	12.336	7.345	10.056	0	10.164
10	10	4.84	3.942	10.331	12.616	5.155	2.838	1.89	10.164	0
;
